#obstotB,obstotS,obsbkgB,obsbkgS,zptS,CB,CS
28.0,192.0,35.0,75.0,-13.7163,1.0,1.0
37.0,277.0,30.0,74.0,-13.7769,1.0,1.0
72.0,65.0,32.0,55.0,-11.4355,1.0,1.0
46.0,813.0,48.0,70.0,-14.2803,1.0,1.0
116.0,94.0,35.0,64.0,-11.6939,1.0,1.0
47.0,75.0,40.0,64.0,-12.6918,1.0,1.0
48.0,98.0,32.0,53.0,-11.9454,1.0,1.0
84.0,549.0,38.0,65.0,-12.9279,1.0,1.0
37.0,72.0,39.0,70.0,-11.8222,1.0,1.0
51.0,56.0,40.0,75.0,-12.6076,1.0,1.0
105.0,3032.0,23.0,73.0,-13.6763,1.0,1.0
59.0,79.0,41.0,59.0,-12.3727,1.0,1.0
77.0,5664.0,52.0,71.0,-14.2543,1.0,1.0
35.0,83.0,43.0,72.0,-13.0778,1.0,1.0
48.0,78.0,48.0,47.0,-12.6735,1.0,1.0
56.0,97.0,30.0,69.0,-11.9738,1.0,1.0
35.0,85.0,42.0,49.0,-12.8411,1.0,1.0
56.0,621.0,50.0,51.0,-13.7321,1.0,1.0
27.0,74.0,26.0,48.0,-12.9107,1.0,1.0
62.0,109.0,44.0,52.0,-12.5178,1.0,1.0
163.0,1615.0,47.0,65.0,-13.323,1.0,1.0
70.0,198.0,50.0,40.0,-12.7858,1.0,1.0
52.0,1229.0,44.0,56.0,-13.8957,1.0,1.0
52.0,178.0,25.0,56.0,-12.5847,1.0,1.0
143.0,90.0,47.0,69.0,-11.2248,1.0,1.0
65.0,73.0,36.0,58.0,-11.7161,1.0,1.0
48.0,183.0,32.0,65.0,-12.7017,1.0,1.0
41.0,167.0,43.0,65.0,-12.8018,1.0,1.0
62.0,77.0,44.0,63.0,-11.9226,1.0,1.0
72.0,85.0,49.0,50.0,-12.0038,1.0,1.0
92.0,207.0,44.0,51.0,-12.4326,1.0,1.0
101.0,952.0,26.0,57.0,-13.1278,1.0,1.0
55.0,61.0,58.0,67.0,-11.2575,1.0,1.0
295.0,258749.0,29.0,52.0,-15.1872,1.0,1.0
26.0,64.0,28.0,69.0,-11.7732,1.0,1.0
200.0,96574.0,34.0,49.0,-14.7616,1.0,1.0
31.0,160.0,27.0,56.0,-13.1632,1.0,1.0
132.0,23015.0,51.0,63.0,-14.6161,1.0,1.0
48.0,86.0,39.0,58.0,-13.0318,1.0,1.0
45.0,67.0,35.0,76.0,-11.6464,1.0,1.0
213.0,77.0,40.0,41.0,-11.254,1.0,1.0
51.0,87.0,43.0,65.0,-12.7805,1.0,1.0
26.0,117.0,17.0,51.0,-12.461,1.0,1.0
44.0,64.0,23.0,61.0,-12.2379,1.0,1.0
32.0,77.0,18.0,62.0,-12.3284,1.0,1.0
93.0,64.0,33.0,69.0,-11.0873,1.0,1.0
125.0,935.0,26.0,53.0,-13.2892,1.0,1.0
40.0,79.0,32.0,61.0,-11.6515,1.0,1.0
42.0,56.0,40.0,74.0,-12.0718,1.0,1.0
36.0,338.0,36.0,57.0,-13.8022,1.0,1.0