#t,modeAb,sigmaAb,modeT,sigmaT,tid
10.0482,0.4121,0.1146,5.0,0.06007,0.0
10.7458,0.2277,0.1328,6.4,0.08548,0.0
10.2258,0.385,0.0734,9.8,0.05106,0.0
10.8071,0.2881,0.0714,8.1,0.04942,0.0
10.0482,0.6808,0.1248,5.2,0.05776,0.0
10.1412,0.3323,0.0299,6.2,0.01613,0.0
10.2069,0.4334,0.1242,6.5,0.06881,0.0
10.7458,0.05885,0.3275,6.6,0.2498,0.0
10.8276,0.15,0.0825,5.6,0.08126,0.0
10.076,0.3271,0.1466,5.5,0.1095,0.0
10.3116,0.2907,0.1138,7.0,0.08471,0.0
10.6952,0.7666,0.5984,6.1,0.1861,0.0
10.7357,0.424,0.1788,4.9,0.0613,0.0
10.575,0.2067,0.072,2.5,0.04002,0.0
10.2581,0.4771,0.1195,4.0,0.05004,0.0
9.92928,0.3446,0.0787,4.6,0.04351,0.0
10.6851,0.3823,0.0821,5.2,0.03848,0.0
10.7357,0.2963,0.0735,5.4,0.0459,0.0
10.4861,0.3492,0.1393,8.6,0.08495,0.0
9.87506,0.1236,0.0918,7.0,0.08593,0.0
10.5058,0.4588,0.0751,4.9,0.04084,0.0
10.7968,0.2338,0.0898,4.6,0.06531,0.0
10.4567,0.4599,0.0261,4.5,0.02223,0.0
10.7968,0.3604,0.0441,7.3,0.0274,0.0
10.0945,0.301,0.0322,11.5,0.0348,0.0
9.99308,0.23,0.04,7.58,0.02771,1.0