#obsgaltot,obsgalbkg,Cgal,obstot,obsbkg,nbox,C
25.0,61.0,9.95,259.0,4079.0,33.0,40.41
60.0,29.0,2.52,35.0,269.0,22.0,41.49
115.0,73.0,3.78,457.0,356.0,51.0,41.73
68.0,29.0,4.0,156.0,325.0,52.0,41.77
68.0,18.0,1.7,53.0,256.0,25.0,41.38
4.0,19.0,20.33,415.0,3827.0,10.0,39.67
72.0,62.0,3.85,59.0,190.0,41.0,41.8
7.0,39.0,34.2,231.0,4174.0,35.0,40.26
13.0,120.0,28.95,176.0,4509.0,63.0,40.63
41.0,104.0,12.52,150.0,4503.0,61.0,40.66
81.0,29.0,1.75,204.0,330.0,13.0,41.04
64.0,22.0,3.62,296.0,171.0,29.0,41.68
53.0,45.0,4.73,277.0,2326.0,34.0,40.59
48.0,11.0,2.01,567.0,188.0,10.0,41.3
89.0,46.0,3.6,101.0,562.0,58.0,41.88
67.0,21.0,2.31,179.0,239.0,27.0,41.84
76.0,32.0,3.48,59.0,400.0,43.0,41.74
114.0,33.0,2.01,223.0,337.0,19.0,41.2
48.0,65.0,7.41,190.0,340.0,65.0,41.97
46.0,38.0,3.36,310.0,190.0,14.0,41.43
95.0,41.0,3.1,101.0,262.0,48.0,41.9
27.0,18.0,5.24,434.0,840.0,17.0,40.94
59.0,39.0,5.51,691.0,396.0,36.0,41.6
47.0,50.0,7.04,49.0,724.0,52.0,41.29
23.0,172.0,28.64,380.0,4650.0,61.0,40.8
45.0,43.0,8.3,38.0,468.0,77.0,41.72
15.0,80.0,38.45,144.0,2539.0,58.0,40.76
8.0,10.0,8.05,79.0,828.0,15.0,40.59
32.0,27.0,7.13,53.0,199.0,25.0,41.63
21.0,101.0,19.48,412.0,3302.0,66.0,40.87
17.0,39.0,11.73,50.0,1098.0,28.0,40.91
104.0,87.0,5.5,33.0,387.0,98.0,42.13
139.0,124.0,5.37,96.0,198.0,96.0,42.51