#k,obsy,errobsy
0.0462,0.10252,0.000823333
0.0215,0.104427,0.000303333
0.021,0.0948906,0.00166333
0.0482,0.0998974,0.000603333
0.0477,0.0965595,0.00102
0.014,0.0946522,0.000426667
0.0127,0.0948906,0.00033
0.0368,0.0903606,0.000496667
0.0109,0.102758,0.000323333
0.0406,0.0970364,0.000366667
0.04,0.102282,0.000513333
0.0356,0.0958443,0.00100667
0.0352,0.0948906,0.00137333
0.0037,0.0891685,0.00018
0.0375,0.087738,0.000326667
0.0369,0.100136,0.000556667
0.0341,0.100613,0.000283333
0.0285,0.104904,0.00085
-0.0052,0.0891685,0.000156667
0.0246,0.0896454,0.00126333
0.0221,0.0958443,0.00056
0.0203,0.0884533,0.000816667
0.0215,0.0960827,0.000463333
0.02,0.0908375,0.000113333
0.0176,0.108957,0.000726667
0.0165,0.0994205,0.00037
0.0156,0.0967979,0.000503333
0.0126,0.104666,0.00042
0.0105,0.0994205,0.000703333
0.011,0.102758,0.000236667
0.01,0.104427,0.000323333
0.0072,0.0886917,0.00066
0.0049,0.101328,0.00092
-0.0011,0.0936985,0.00106
-0.0014,0.0910759,0.000333333
-0.0026,0.0958443,0.000943333