#obsx,errx,obsy,erry
2.01284,0.0791813,6.26717,0.0831657
1.87506,0.0211868,6.39794,0.0880456
2.20412,0.0211945,7.72016,0.314194
2.32015,0.0211945,7.65321,0.161466
2.31175,0.0211945,7.64345,0.0495657
2.17898,0.0211945,7.30103,0.238561
2.24304,0.0211945,7.13033,0.321726
2.14613,0.0211945,7.60746,0.048455
2.36173,0.0211945,9.07918,0.349485
2.31175,0.0211945,8.32222,0.105427
2.16137,0.0211945,8.14613,0.162256
2.31387,0.0211945,8.02119,0.252575
2.15534,0.0211945,7.19033,0.0421605
2.26007,0.0211945,8.32222,0.174227
2.11394,0.0211945,7.59106,0.0111382
2.49831,0.0211792,8.71181,0.0898039
2.38382,0.0211945,8.37107,0.343987
2.35218,0.0211945,8.52504,0.185534
2.26951,0.0211945,7.8451,0.0816016
2.27875,0.0211945,7.95665,0.342365
2.57403,0.0211792,9.47712,0.150515
2.20952,0.0211945,7.72835,0.0448054
2.18184,0.0211945,7.91645,0.212984
2.58546,0.0211792,9.27875,0.117042
2.24797,0.0211945,8.24304,0.0373168
1.95424,0.0211868,7.13033,0.150515
2.36922,0.0211945,8.27875,0.223579
2.4624,0.0211792,8.72016,0.150515
2.42488,0.0211792,8.57978,0.223579
1.82607,0.0211868,6.52504,0.170269
2.53148,0.0211792,9.40654,0.077451