#obslnL,prec.lnL
5.12679,0.81124
1.8491,1.07115
7.17925,1.01884
3.65146,1.07608
4.8984,1.13091
4.78744,1.16627
6.3884,1.0467
2.97159,0.813133
2.89391,0.927573
1.46556,1.1655
1.73794,1.10997
3.07402,0.832303
6.08366,0.957823
4.22024,1.17372
3.43058,1.08298
3.10096,0.998221
1.12157,1.12608
3.08549,1.02841
2.53669,1.17657
6.59393,0.956878
2.61037,1.18574
6.87787,0.957478
9.08845,0.950843
2.03694,0.865136
5.62353,1.13888
4.91107,0.908455
5.70946,1.11783
6.40968,1.06171
4.76158,1.19016
6.98876,0.891636
3.46777,0.937946
0.967865,0.951791
7.5562,0.968547
3.5473,1.02211
1.33902,1.06627
3.10754,0.890474
6.77805,0.899148
6.88464,1.19471
8.4739,1.09874
3.75046,0.92619
5.54111,1.16247
1.85912,0.998564
4.35839,0.900718
3.84734,1.18797
3.61356,1.12409
2.33235,1.02942
4.12258,1.05184
7.68544,1.0678
3.8461,0.95419
2.35863,0.884252
5.26061,0.950675
3.6548,0.966518
7.44325,1.11842
4.49775,0.989317
3.53652,0.869106
0.198831,0.888591
5.08567,0.932061
3.52602,0.933033
4.66853,0.877956
5.03571,1.11454
4.5291,0.861929
1.49659,1.19748
4.24145,0.925127
3.56625,0.814108
4.15028,0.968761
3.31007,0.976447
2.41678,0.89626
4.29859,0.875445
6.07247,0.85791
2.83314,1.18751
6.53727,0.975749
3.21217,0.883112
0.947079,0.986596
5.49574,1.19996
2.40792,1.18527
4.32673,0.987242
2.75622,0.898468
2.96233,0.853588
2.40234,0.961558
5.57847,1.08523
1.86459,1.04259
0.396662,1.1168
3.89117,1.13011
4.48787,0.888299
0.826626,1.1382
6.06037,1.13913
-0.159766,1.10185
3.11702,0.831591
1.39895,0.853102
-2.49746,0.967372
3.01203,1.07747
7.06983,1.05214
6.08563,0.995405
5.46829,0.831642
8.34794,1.03703
3.29359,0.845531
4.0128,1.01436
3.05204,0.942814
5.90042,0.984863
3.61588,1.04686
1.64688,0.820834
6.12689,0.999059
2.25941,1.08079
4.62665,1.10926
2.30744,0.898785
1.84866,1.08588
6.37529,1.01714
2.14807,0.81785
2.19815,0.866267
5.26485,1.15167
3.11097,0.848583
2.88827,0.945669
1.41088,0.97388
1.6718,0.848405
7.42305,1.12304
0.219706,1.13105
-0.0503091,0.840955
6.30405,1.06363
8.03734,0.970337
2.2953,0.85952
4.99888,1.19468
3.80549,0.946177
2.71945,0.9445
1.26426,1.15203
3.99429,1.09888
4.26292,0.846132
4.93928,0.835621
5.47424,1.15715
1.72837,0.96195
6.66174,0.844769
2.46674,1.1871
0.67598,0.963063
2.72896,0.955466
1.90027,0.852446
1.65897,1.18059
2.67306,1.11287
6.93735,1.01284
4.13427,0.982844
1.56688,1.04422
0.716919,0.91569
3.96953,1.03751
-1.64339,1.16166
6.09422,0.961706
3.87812,0.969958
7.27611,0.843199
4.98775,1.02431
5.04161,1.12392
6.11763,0.980445
3.35767,0.91925
4.47874,1.04228
3.39468,0.955987
2.5182,1.04349
5.44312,0.805441
4.9626,1.10179
5.30458,0.920002
4.13839,0.896322
4.42581,1.06214
1.73875,0.962841
1.1912,1.17896
2.31899,0.827567
2.4806,1.18807
5.27177,1.09664
6.73658,1.03938
2.79656,0.913754
3.55217,1.06997
4.04299,0.844984
0.0761723,1.08699
4.84133,1.12097
3.99675,0.968071
4.14625,1.09362
3.71453,0.859133
5.36696,1.13114
4.38989,1.09828
3.3186,1.01098
10.7614,0.910511
3.42682,0.895171
5.92953,1.06177
0.652658,0.884534
2.5438,0.953403
5.9746,0.978283
7.45785,1.01582
4.25553,0.946341
5.35563,0.908
1.70433,0.863538
6.36551,0.835557
5.17357,0.876919
1.91588,0.89853
0.314885,0.976651
1.69815,1.05437
6.82327,0.904545
1.74772,1.04226
2.99673,0.811018
3.28179,1.04856
4.72666,0.954981
2.27707,1.0025
1.86513,0.893278
4.21853,1.03362
4.32998,0.960383
4.13095,0.982359
7.54799,1.1556
-1.95353,1.13713
4.4292,1.10408
3.0138,1.01925
7.15678,1.11688
4.94623,0.939471
5.43664,1.07001
3.78127,0.837068
3.6612,0.886807
4.27614,0.83109
-0.282713,0.942301
3.17547,0.912217
4.03977,1.13319
5.18026,0.834037
-0.322891,0.877562
7.77441,1.0832
-0.502517,0.857026
3.82297,0.888595
5.39992,1.00879
1.0708,0.820555
0.766465,0.973544
4.31968,0.891008
1.76858,0.959288
6.39425,1.08962
10.4862,1.19534
3.93612,0.941628
8.97341,0.927418
4.83583,1.19507
9.40809,0.822028
0.669563,0.954259
3.19284,0.956539
2.59166,1.19351
6.11169,1.13167
6.82177,1.1464
3.80848,0.858011
0.232234,1.07927
-0.411835,0.910482
6.76287,1.10769
7.31565,1.10983
8.56741,1.16178
6.66436,0.921635
2.37782,0.845992
2.50665,1.10213
1.37585,1.07723
3.28237,0.967863
6.10535,1.00141
3.10094,1.12476
1.79574,0.944467
9.16281,1.14279
2.96073,1.04448
2.38624,1.16618
0.996172,0.935393
1.09322,0.816264
5.15327,1.04727
5.26462,0.892596
0.523509,1.19959
7.79177,1.04093
1.20876,1.09874
-0.00347297,0.931478
-0.0190957,1.02697
1.66236,1.17055
4.15907,1.12201
2.69591,1.10768
-0.680419,1.06467
3.11385,0.913669
0.956951,1.15625
3.4032,1.07389
0.13851,1.05255
1.00442,1.01291
2.67205,0.919426
1.38233,1.19779
4.51827,1.13267
1.83569,1.13766
-0.355905,1.11912
-0.13318,1.02065
2.06965,0.831164
3.65228,1.06433
8.80482,0.831453
5.33937,1.10588
3.4784,0.827553
3.85107,1.02367
4.0391,1.18307
2.87871,1.09096
4.04324,1.17476
4.61867,0.83263
3.10801,1.06037
4.46148,0.932999
3.37643,0.997732
3.16124,0.845249
4.62032,1.02366
-0.487967,0.968497
4.49034,0.8956
4.34229,0.863099
1.51865,1.16771
4.38009,1.08476
2.69031,0.938351
5.96697,0.931139
7.20378,1.06581
2.38482,1.17613
1.87165,0.966436
2.59694,0.801378
-0.385806,1.00525
3.38909,1.16286
6.71265,0.911616
4.38037,0.89917
1.68843,1.05265
4.14609,1.07325
2.68418,0.977316
3.85673,1.09345
4.48005,0.930167
6.18424,0.976407
4.41338,1.03871
5.78794,0.887631
6.11201,0.812456
-1.22561,0.900387
4.0642,0.951468
1.74101,1.17668
4.62759,0.812874
2.14943,0.949592
6.57736,1.18795
-0.154517,0.844474
6.69124,0.924998
1.44078,1.11367
3.28477,0.857749
3.11197,1.00296
2.68246,0.991874
1.75418,0.898082
6.43069,1.07052
3.37966,0.917871
5.20769,1.0869
-0.933003,0.933019
7.01789,1.19106
4.44595,1.15699
5.09213,0.999531
-0.512907,0.945631
-0.0897901,0.822942
3.02138,1.16132
2.79868,1.04679
5.36858,1.09744
2.74112,0.917559
5.77397,1.02062
4.58398,0.806596
-0.991534,1.14007
1.10835,1.16312
4.23025,1.17118
7.12845,1.0771
5.78074,1.09273
2.02142,0.803077
4.62068,0.984186
3.10939,1.08562
3.91253,1.05237
2.96432,1.03996
7.32306,1.18005
3.67744,1.1912
2.85609,1.19395
7.78343,1.1947
2.40106,0.868973
4.34601,0.836498
2.13223,1.15518
3.09196,1.07889
2.17072,1.04685
4.60981,1.16088
3.70609,0.86543
-2.05114,0.852338
2.77642,1.0514
3.4693,1.14327
1.87144,1.1491
0.721217,0.820128
3.33408,1.10575
5.62833,1.01691
4.99426,1.15394
7.3258,0.928918
4.89547,1.01669
4.12562,0.992985
5.49094,1.02652
3.36993,1.17187
3.53551,1.01791
1.86009,0.925929
2.26506,0.819804
5.20719,0.921766
1.6124,0.948712
3.24344,1.17594
3.74199,0.808131
6.05257,0.811688
2.44998,1.04593
1.10448,0.901909
6.15317,0.888645
2.01406,0.901217
-1.29879,1.17393
4.94648,0.991774
2.05897,0.916681
0.320397,0.907138
1.57064,1.17152
-0.617765,0.997186
2.15836,1.0588
2.77108,1.04807
4.0509,0.854763
3.13169,1.16378
2.90746,1.06348
5.72847,1.13553
2.54751,1.01273
2.56258,0.967966
1.83471,0.813996
2.73252,0.868509
7.68259,1.03795
5.59619,0.852681
5.49177,0.84153
0.255917,1.03068
2.97715,1.09429
5.3714,1.10057
4.5309,1.06213
3.18215,1.00247
3.74021,0.901917
4.78653,1.02797
1.13623,0.844974
6.7202,0.824864
1.03861,0.950599
1.12343,1.00887
4.23723,1.15729
1.81768,0.98527
4.42538,1.17055
3.04322,0.942683
6.53673,1.18386
4.64029,1.19553
8.4745,0.996135
3.22392,1.00956
4.0274,0.892759
2.40708,0.868979
3.87457,1.0017
8.83688,0.936462
2.25875,0.935007
3.00751,1.10935
6.90153,0.856481
3.26143,1.13103
5.57489,0.835728
8.47682,0.897567
3.86595,1.08404
4.9248,0.824625
2.91088,1.14098
-0.199929,1.18414
-0.735581,1.04203
5.12848,1.10918
1.34932,1.05887
1.23113,0.913855
4.54866,1.03289
1.60135,1.15646
6.42158,0.985231
2.50014,0.913641
3.52467,1.13835
1.6744,0.954685
4.38244,0.837473
5.96033,1.09379
2.60002,1.13984
0.249532,0.812487
2.56317,1.01765
1.88755,0.93827
1.93718,1.09098
2.22166,0.890359
-1.30732,1.10567
1.50662,0.831457
0.742062,0.975892
4.57397,0.905995
1.75541,0.870463
3.42735,0.952334
3.48095,0.993479
1.42357,1.06651
5.73829,0.878276
-1.17323,1.09476
-1.80629,0.866041
5.05745,0.813801
0.978309,1.14429
2.39707,0.99379
2.15639,0.979314
2.43721,1.03857
6.68289,0.952613
4.42221,0.818711
3.61685,0.991379
0.72339,0.993343
2.11526,1.16755
-1.33344,1.0278
1.80224,0.982465
3.03001,1.10332
2.38361,1.06767
3.24847,0.834224
1.22115,1.07127
2.88896,0.901571